0	1
0.01	0.9999
0.02	0.9996
0.03	0.9991
0.04	0.998401
0.05	0.997502
0.06	0.996404
0.07	0.995108
0.08	0.993614
0.09	0.991922
0.1	0.990033
0.11	0.987949
0.12	0.985669
0.13	0.983195
0.14	0.980528
0.15	0.977668
0.16	0.974618
0.17	0.971377
0.18	0.967948
0.19	0.964332
0.2	0.960531
0.21	0.956544
0.22	0.952376
0.23	0.948026
0.24	0.943497
0.25	0.938791
0.26	0.93391
0.27	0.928854
0.28	0.923628
0.29	0.918231
0.3	0.912668
0.31	0.906939
0.32	0.901048
0.33	0.894996
0.34	0.888786
0.35	0.882421
0.36	0.875903
0.37	0.869234
0.38	0.862418
0.39	0.855457
0.4	0.848353
0.41	0.841111
0.42	0.833731
0.43	0.826219
0.44	0.818576
0.45	0.810805
0.46	0.80291
0.47	0.794894
0.48	0.78676
0.49	0.778511
0.5	0.770151
0.51	0.761683
0.52	0.75311
0.53	0.744436
0.54	0.735664
0.55	0.726798
0.56	0.717841
0.57	0.708798
0.58	0.69967
0.59	0.690463
0.6	0.681179
0.61	0.671823
0.62	0.662398
0.63	0.652909
0.64	0.643358
0.65	0.63375
0.66	0.624088
0.67	0.614377
0.68	0.60462
0.69	0.594821
0.7	0.584984
0.71	0.575113
0.72	0.565212
0.73	0.555285
0.74	0.545336
0.75	0.535369
0.76	0.525388
0.77	0.515396
0.78	0.505398
0.79	0.495399
0.8	0.485401
0.81	0.475409
0.82	0.465426
0.83	0.455458
0.839999	0.445507
0.849999	0.435578
0.859999	0.425675
0.869999	0.415802
0.879999	0.405962
0.889999	0.39616
0.899999	0.386399
0.909999	0.376684
0.919999	0.367019
0.929999	0.357406
0.939999	0.34785
0.949999	0.338356
0.959999	0.328926
0.969999	0.319564
0.979999	0.310275
0.989999	0.301061
0.999999	0.291927
1.01	0.282876
1.02	0.273912
1.03	0.265039
1.04	0.25626
1.05	0.247578
1.06	0.238996
1.07	0.23052
1.08	0.222151
1.09	0.213893
1.1	0.20575
1.11	0.197724
1.12	0.18982
1.13	0.182039
1.14	0.174386
1.15	0.166863
1.16	0.159473
1.17	0.152219
1.18	0.145104
1.19	0.138132
1.2	0.131304
1.21	0.124623
1.22	0.118093
1.23	0.111715
1.24	0.105493
1.25	0.0994287
1.26	0.0935245
1.27	0.0877828
1.28	0.0822061
1.29	0.0767964
1.3	0.0715561
1.31	0.0664871
1.32	0.0615915
1.33	0.0568712
1.34	0.0523283
1.35	0.0479643
1.36	0.0437812
1.37	0.0397806
1.38	0.035964
1.39	0.0323331
1.4	0.0288892
1.41	0.0256337
1.42	0.022568
1.43	0.0196932
1.44	0.0170106
1.45	0.0145212
1.46	0.0122259
1.47	0.0101257
1.48	0.00822153
1.49	0.00651402
1.5	0.0050039
1.51	0.00369177
1.52	0.00257816
1.53	0.00166351
1.54	0.000948182
1.55	0.000432471
1.56	0.000116581
1.57	6.35953e-07
1.58	8.4684e-05
1.59	0.000368691
1.6	0.000852544
1.61	0.00153605
1.62	0.00241893
1.63	0.00350084
1.64	0.00478134
1.65	0.00625992
1.66	0.00793599
1.67	0.00980888
1.68	0.0118778
1.69	0.014142
1.7	0.0166006
1.71	0.0192525
1.72	0.0220967
1.73	0.025132
1.74	0.0283573
1.75	0.0317712
1.76	0.0353724
1.77	0.0391595
1.78	0.0431309
1.79	0.047285
1.8	0.0516202
1.81	0.0561347
1.82	0.0608268
1.83	0.0656946
1.84	0.0707361
1.85	0.0759492
1.86	0.081332
1.87	0.0868823
1.88	0.0925978
1.89	0.0984762
1.9	0.104515
1.91	0.110712
1.92	0.117065
1.93	0.123572
1.94	0.130228
1.95	0.137033
1.96	0.143983
1.97	0.151075
1.98	0.158306
1.99	0.165675
2	0.173177
2.01	0.18081
2.02	0.18857
2.03	0.196456
2.04	0.204462
2.05	0.212587
2.06	0.220826
2.07	0.229178
2.08	0.237638
2.09	0.246202
2.1	0.254868
2.11	0.263632
2.12	0.272491
2.13	0.281441
2.14	0.290478
2.15	0.299599
2.16	0.3088
2.17	0.318078
2.18	0.327428
2.19	0.336847
2.2	0.346332
2.21	0.355878
2.22	0.365482
2.23	0.375139
2.24	0.384847
2.25	0.3946
2.26	0.404396
2.27	0.41423
2.28	0.424098
2.29	0.433997
2.3	0.443922
2.31	0.453869
2.32	0.463835
2.33	0.473816
2.34	0.483807
2.35	0.493804
2.36	0.503804
2.37	0.513802
2.38	0.523795
2.39	0.533778
2.4	0.543748
2.41	0.5537
2.42	0.563631
2.43	0.573536
2.44	0.583412
2.45	0.593254
2.46	0.60306
2.47	0.612824
2.48	0.622542
2.49	0.632212
2.5	0.641829
2.51	0.65139
2.52	0.660889
2.53	0.670325
2.54	0.679692
2.55	0.688987
2.56	0.698207
2.57	0.707347
2.58	0.716405
2.59	0.725376
2.6	0.734257
2.61	0.743044
2.62	0.751734
2.63	0.760323
2.64	0.768808
2.65	0.777185
2.66	0.785452
2.67	0.793605
2.68	0.80164
2.69	0.809554
2.7	0.817345
2.71	0.825009
2.72	0.832542
2.73	0.839943
2.74	0.847208
2.75	0.854333
2.76	0.861317
2.77	0.868157
2.78	0.874849
2.79	0.881392
2.8	0.887782
2.81	0.894016
2.82	0.900093
2.83	0.90601
2.84	0.911765
2.85	0.917355
2.86	0.922778
2.87	0.928032
2.88	0.933115
2.89	0.938024
2.9	0.942759
2.91	0.947316
2.92	0.951694
2.93	0.955892
2.94	0.959907
2.95	0.963738
2.96	0.967384
2.97	0.970843
2.98	0.974114
2.99	0.977194
3	0.980084
3.01	0.982782
3.02	0.985287
3.03	0.987598
3.04	0.989714
3.05	0.991634
3.06	0.993357
3.07	0.994883
3.08	0.996211
3.09	0.99734
3.1	0.998271
3.11	0.999002
3.12	0.999534
3.13	0.999866
3.14	0.999997
3.15	0.999929
3.16	0.999661
3.17	0.999193
3.18	0.998526
3.19	0.997659
3.2	0.996593
3.21	0.995328
3.22	0.993865
3.23	0.992205
3.24	0.990348
3.25	0.988294
3.26	0.986046
3.27	0.983603
3.28	0.980966
3.29	0.978137
3.3	0.975117
3.31	0.971907
3.32	0.968508
3.33	0.964922
3.34	0.961149
3.35	0.957193
3.36	0.953053
3.37	0.948732
3.38	0.944232
3.39	0.939554
3.4	0.9347
3.41	0.929672
3.42	0.924473
3.43	0.919104
3.44	0.913567
3.45	0.907864
3.46	0.901999
3.47	0.895972
3.48	0.889788
3.49	0.883447
3.5	0.876953
3.51	0.870308
3.52	0.863515
3.53	0.856577
3.54	0.849496
3.55	0.842275
3.56	0.834918
3.57	0.827426
3.58	0.819804
3.59	0.812053
3.6	0.804178
3.61	0.796181
3.62	0.788066
3.63	0.779835
3.64	0.771492
3.65	0.763041
3.66	0.754485
3.67	0.745827
3.68	0.73707
3.69	0.728219
3.7	0.719276
3.71	0.710246
3.72	0.701132
3.73	0.691937
3.74	0.682665
3.75	0.673321
3.76	0.663907
3.77	0.654427
3.78	0.644886
3.79	0.635286
3.8	0.625633
3.81	0.615929
3.82	0.606179
3.83	0.596387
3.84	0.586556
3.85	0.57669
3.86	0.566794
3.87	0.556871
3.88	0.546925
3.89	0.53696
3.9	0.526981
3.91	0.516991
3.92	0.506994
3.93	0.496994
3.94	0.486996
3.95	0.477002
3.96	0.467018
3.97	0.457047
3.98	0.447093
3.99	0.437161
4	0.427253
4.01	0.417375
4.02	0.407529
4.03	0.397721
4.04	0.387953
4.05	0.37823
4.06	0.368556
4.07	0.358934
4.08	0.349369
4.09	0.339864
4.1	0.330424
4.11	0.321051
4.12	0.311749
4.13	0.302523
4.14	0.293376
4.15	0.284311
4.16	0.275333
4.17	0.266445
4.18	0.25765
4.19	0.248952
4.2	0.240355
4.21	0.231861
4.22	0.223475
4.23	0.215199
4.24	0.207037
4.25	0.198992
4.26	0.191068
4.27	0.183267
4.28	0.175593
4.29	0.168049
4.3	0.160637
4.31	0.153362
4.32	0.146225
4.33	0.139229
4.34	0.132378
4.35	0.125674
4.36	0.119119
4.37001	0.112717
4.38001	0.10647
4.39001	0.10038
4.40001	0.0944501
4.41001	0.0886824
4.42001	0.0830792
4.43001	0.0776428
4.44001	0.0723753
4.45001	0.0672789
4.46001	0.0623556
4.47001	0.0576073
4.48001	0.053036
4.49001	0.0486435
4.50001	0.0444315
4.51001	0.0404018
4.52001	0.0365559
4.53001	0.0328954
4.54001	0.0294217
4.55001	0.0261362
4.56001	0.0230404
4.57001	0.0201352
4.58001	0.0174221
4.59001	0.014902
4.60001	0.0125759
4.61001	0.0104448
4.62001	0.00850947
4.63001	0.00677078
4.64001	0.00522939
4.65001	0.0038859
4.66001	0.00274086
4.67001	0.00179473
4.68001	0.00104789
4.69001	0.000500625
4.70001	0.000153165
4.71001	5.64569e-06
4.72001	5.81267e-05
4.73001	0.000310587
4.74001	0.000762925
4.75001	0.00141496
4.76001	0.00226643
4.77001	0.003317
4.78001	0.00456625
4.79001	0.00601367
4.80001	0.00765868
4.81002	0.00950064
4.82002	0.0115388
4.83002	0.0137723
4.84002	0.0162004
4.85002	0.0188219
4.86002	0.021636
4.87002	0.0246414
4.88002	0.0278369
4.89002	0.0312213
4.90002	0.0347932
4.91002	0.0385512
4.92002	0.0424938
4.93002	0.0466193
4.94002	0.0509263
4.95002	0.0554128
4.96002	0.0600772
4.97002	0.0649176
4.98002	0.069932
4.99002	0.0751185
5.00002	0.0804749
5.01002	0.0859991
5.02002	0.0916889
5.03002	0.097542
5.04002	0.103556
5.05002	0.109729
5.06002	0.116058
5.07002	0.12254
5.08002	0.129173
5.09002	0.135955
5.10002	0.142882
5.11002	0.149953
5.12002	0.157163
5.13002	0.16451
5.14002	0.171992
5.15002	0.179604
5.16002	0.187345
5.17002	0.195211
5.18002	0.203199
5.19002	0.211306
5.20002	0.219528
5.21002	0.227862
5.22002	0.236305
5.23002	0.244854
5.24003	0.253504
5.25003	0.262254
5.26003	0.271098
5.27003	0.280034
5.28003	0.289058
5.29003	0.298166
5.30003	0.307355
5.31003	0.316621
5.32003	0.325961
5.33003	0.33537
5.34003	0.344845
5.35003	0.354382
5.36003	0.363977
5.37003	0.373627
5.38003	0.383327
5.39003	0.393074
5.40003	0.402863
5.41003	0.412692
5.42003	0.422555
5.43003	0.432449
5.44003	0.442371
5.45003	0.452315
5.46003	0.462279
5.47003	0.472257
5.48003	0.482247
5.49003	0.492244
5.50003	0.502244
5.51003	0.512243
5.52003	0.522237
5.53003	0.532222
5.54003	0.542195
5.55003	0.55215
5.56003	0.562085
5.57003	0.571994
5.58003	0.581875
5.59003	0.591724
5.60003	0.601535
5.61003	0.611306
5.62003	0.621032
5.63003	0.63071
5.64003	0.640336
5.65003	0.649906
5.66003	0.659415
5.67003	0.668861
5.68004	0.678239
5.69004	0.687546
5.70004	0.696778
5.71004	0.705931
5.72004	0.715002
5.73004	0.723987
5.74004	0.732882
5.75004	0.741684
5.76004	0.75039
5.77004	0.758995
5.78004	0.767497
5.79004	0.775892
5.80004	0.784176
5.81004	0.792347
5.82004	0.8004
5.83004	0.808334
5.84004	0.816144
5.85004	0.823828
5.86004	0.831382
5.87004	0.838804
5.88004	0.84609
5.89004	0.853238
5.90004	0.860244
5.91004	0.867106
5.92004	0.873822
5.93004	0.880388
5.94004	0.886802
5.95004	0.893061
5.96004	0.899162
5.97004	0.905105
5.98004	0.910885
5.99004	0.916501
6.00004	0.92195
6.01004	0.92723
6.02004	0.93234
6.03004	0.937276
6.04004	0.942038
6.05004	0.946623
6.06004	0.951029
6.07004	0.955255
6.08004	0.959298
6.09004	0.963158
6.10004	0.966833
6.11004	0.970321
6.12005	0.973621
6.13005	0.976731
6.14005	0.979651
6.15005	0.982378
6.16005	0.984913
6.17005	0.987254
6.18005	0.9894
6.19005	0.99135
6.20005	0.993104
6.21005	0.99466
6.22005	0.996019
6.23005	0.997179
6.24005	0.99814
6.25005	0.998902
6.26005	0.999465
6.27005	0.999827
6.28005	0.99999
